"genz"
2287.29462799622
0
1869
308
"kids"
99.645533346736
0
119
37
"millenials"
82.4636945592129
0
63
8
"genz's"
81.399931662206
0
68
11
"tiktok"
81.399931662206
0
68
11
"txt"
59.4974696167831
1.22124532708767e-14
37
2
"vote"
58.104426390573
2.48689957516035e-14
47
7
"calls"
50.8667100852733
9.88542581126239e-13
39
5
"genx"
49.7950825996968
1.70674585575625e-12
112
65
"millennials"
43.4776595748104
4.28826973930541e-11
412
445
"like"
37.9838192559895
7.13337833246896e-10
212
195
"y'all"
31.0399056518245
2.52777522247172e-08
35
10
"climate"
30.8727659657048
2.75511052860722e-08
44
17
"know"
28.1837029563783
1.10329640645723e-07
119
98
"love"
26.4522758446776
2.70130030566307e-07
60
35
"even"
25.4512859218795
4.53695142454968e-07
63
39
"planet"
25.0627174041687
5.54955311926619e-07
16
1
"bc"
23.9663219644543
9.80356344548738e-07
26
7
"see"
21.8434637430289
2.9582257862204e-06
65
45
"invented"
21.0377585270023
4.50320734346477e-06
16
2
"getting"
20.6736196734772
5.44611853525723e-06
36
17
"thing"
20.2588029299431
6.76415084666093e-06
66
48
"cusp"
20.1479414865555
7.16773456754805e-06
19
4
"kid"
20.1404505785425
7.19586090947022e-06
31
13
"can"
20.0788203629273
7.4315116528334e-06
124
118
"republicans"
19.5116716706409
9.99868764761658e-06
13
1
"never"
19.1907368854903
1.18285986577815e-05
63
46
"fight"
18.6192158304769
1.5960367094614e-05
21
6
"think"
18.0729632950253
2.1259894292025e-05
79
66
"ppl"
17.9481439435323
2.27005671941116e-05
16
3
"die"
17.6416855276548
2.66678537588216e-05
23
8
"way"
17.5401403742202
2.81305672450438e-05
62
47
"us"
17.3650520925021
3.08445678395275e-05
108
103
"just"
17.322157195222
3.15486761749417e-05
184
204
"enough"
17.2831042264699
3.22037606339531e-05
24
9
"girls"
17.1484119962436
3.45698306566389e-05
20
6
"voting"
16.3179377355671
5.35545989416297e-05
15
3
"able"
15.8630247764317
6.80962316547129e-05
13
2
"via"
15.7007548879703
7.41945530591259e-05
19
6
"want"
15.6083394043061
7.79102208369187e-05
79
70
"culture"
15.3938306019602
8.72727652307947e-05
47
33
"gen"
15.3064672113978
9.14030522504161e-05
26
12
"literally"
15.1686493746604
9.83223556231261e-05
27
13
"voters"
14.9142658912839
0.000112508961143454
21
8
"hate"
14.8031548236115
0.000119335695363376
34
20
"stupid"
14.2348906236904
0.000161351010735666
24
11
"wow"
14.175944267645
0.000166485425981744
12
2
"agree"
14.175944267645
0.000166485425981744
12
2
"going"
14.1128286339274
0.000172165595579643
57
46
"difference"
13.8917351127564
0.000193648147936876
19
7
"millenial"
13.5890523151484
0.000227508456584258
20
8
"activism"
13.4631264247656
0.000243297997384095
9
0
"kinda"
13.4631264247656
0.000243297997384095
9
0
"ur"
13.3228338553716
0.000262193622215467
16
5
"snowflakes"
13.3228338553716
0.000262193622215467
16
5
"act"
13.1773498107776
0.000283353197144121
11
1
"whole"
13.1642800869806
0.000285336389901913
22
10
"comedy"
13.1274582400236
0.000290999290471272
13
3
"grew"
13.0185636217311
0.000308418290003942
23
11
"cool"
12.8839736752359
0.000331407833152775
17
6
"teens"
12.8839736752359
0.000331407833152775
17
6
"humor"
12.7614898013206
0.000353828967094572
26
14
"keep"
12.6872673430472
0.000368153903747892
29
17
"friends"
12.2924837538168
0.000454786100215432
19
8
"people"
12.2272454863249
0.00047096677577585
127
140
"wait"
12.0949099271282
0.000505596575384404
20
9
"also"
12.0330493195077
0.000522655026613972
56
48
"sensitive"
11.8980366352016
0.000561931434292617
15
5
"peace"
11.6006371892211
0.000659292267618294
8
0
"boomerboomer"
11.6006371892211
0.000659292267618294
8
0
"write"
11.5738377390703
0.00066886229615315
12
3
"influencer"
11.4731233262489
0.000706099129251681
10
1
"influencers"
11.4731233262489
0.000706099129251681
10
1
"excited"
10.9464226887549
0.000937845077355615
13
4
"talk"
10.6993884391648
0.00107170955130154
29
19
"genz'ers"
10.5066770407256
0.00118943958715767
14
5
"forever"
10.4182271381229
0.00124777619953564
11
2
"hell"
10.4182271381229
0.00124777619953564
11
2
"u"
10.3991464500169
0.00126073576733321
36
27
"get"
10.2263740728134
0.00138446562211947
112
125
"fashion"
10.0536921219298
0.00152042918804929
11
3
"watched"
10.0536921219298
0.00152042918804929
11
3
"touch"
9.75500231439635
0.00178835417368239
7
0
"votes"
9.75500231439635
0.00178835417368239
7
0
"genzgenz"
9.75500231439635
0.00178835417368239
7
0
"voter"
9.75500231439635
0.00178835417368239
7
0
"siblings"
9.75500231439635
0.00178835417368239
7
0
"snowflakesgenz"
9.75500231439635
0.00178835417368239
7
0
"elxn"
9.75500231439635
0.00178835417368239
7
0
"thank"
9.67863092162006
0.00186423490520449
18
9
"gonna"
9.67661010366572
0.00186628646600873
27
18
"watching"
9.59839630722729
0.00194747379339499
19
10
"probably"
9.52094885121001
0.00203139522633111
21
12
"oh"
9.52094885121001
0.00203139522633111
21
12
"truly"
9.51791142889534
0.00203476027872851
12
4
"karen"
9.15303156195305
0.00248306344706861
13
5
"zoomers"
8.89950464960597
0.00285248026746032
14
6
"abt"
8.88088849124964
0.00288171268759096
10
2
"stan"
8.72318914122791
0.00314187974395019
15
7
"kind"
8.60286906250111
0.00335633843270455
16
8
